# MLFDB:

- mean: 0.3780295949066102
- std: 0.21023042003545392

# VIMEO

- mean: 0.34557581469488063
- std:  0.25942671746370527