# MLFDB:

- mean: 0.377964705150789
- variance: 0.044196833556458405
- std: 0.2102304296634015